u:-0.0000001167#v:2.6666667461#RH:48.9420738220#Rain_mm:0
ua   1.63  -3.36   0.19   22.52

ua   1.14  -4.11  -0.46   22.22
ua   1.65  -3.56  -0.21   22.45
ua   1.27  -3.57   0.11   22.37
ua   1.83  -3.32  -0.01   22.04
ua   1.47  -3.70  -0.15   22.28
ua   1.56  -3.49  -0.12   22.33
ua   1.61  -3.86  -0.35   22.34
ua   1.32  -3.63  -0.12   22.55
ua   1.39  -3.52   0.04   22.86
ua   0.93  -3.97  -0.39   22.38
ua   1.34  -4.21  -0.55   22.34
ua   1.53  -3.82  -0.16   22.75
ua   1.68  -3.57  -0.09   22.59
ua   1.67  -3.60  -0.11   22.54
ua   1.62  -3.99  -0.54   21.88
ua   1.42  -4.17  -0.17   22.31
ua   1.52  -3.70  -0.15   22.47
ua   1.91  -3.31   0.14   22.66
ua   1.52  -3.57   0.10   22.13
ua   1.05  -4.26  -0.24   22.39
ua   1.46  -3.92  -0.16   22.29
ua   1.60  -4.01  -0.28   22.17
ua   1.39  -3.76   0.05   22.37
ua   1.27  -3.77   0.06   22.67
ua   1.14  -4.08  -0.20   22.27
ua   1.79  -3.44   0.08   22.47
ua   1.83  -3.02   0.37   22.20
ua   1.62  -3.41   0.39   22.32
ua   1.51  -3.60   0.05   22.49
ua   1.69  -2.92   0.40   22.55
ua   0.99  -4.23  -0.33   22.34
ua   1.46  -3.46   0.18   22.42
ua   1.67  -3.44  -0.01   22.50
ua   1.71  -3.87  -0.28   22.21
ua   1.73  -3.38   0.11   22.28
ua   1.66  -3.64  -0.11   22.59
ua   1.97  -3.14   0.41   22.47
ua   1.39  -3.74   0.12   22.30
ua   1.58  -3.94  -0.44   22.48
ua   1.80  -3.54  -0.04   22.32
ua   1.81  -3.70   0.15   22.74
ua   1.61  -4.03  -0.16   22.51
ua   1.34  -4.03  -0.04   22.50
ua   1.31  -4.41  -0.30   22.21
ua   1.48  -3.75   0.00   22.58
ua   1.85  -3.25   0.14   22.32
ua   1.75  -3.80  -0.39   22.43
ua   1.71  -3.69  -0.15   22.27
ua   1.55  -3.42   0.11   22.55
ua   2.02  -3.54  -0.18   22.27
ua   1.38  -3.99  -0.23   22.21
ua   1.39  -3.69   0.04   22.35
ua   1.72  -3.55  -0.07   22.28
ua   1.71  -3.55   0.13   22.33
ua   1.47  -3.90  -0.19   22.26
ua   1.63  -3.73   0.20   22.26
ua   1.73  -3.54   0.19   22.71
u:-0.0000001265#v:2.8888891220#RH:48.7686424255#Rain_mm:0
ua   1.87  -3.79  -0.30   22.10

ua#u,mean,max,min,std:1.737,2.800,0.930,0.337,#v,mean,max,min,std:-3.727,-2.540,-4.710,0.379,#w,mean,max,min,std:-0.034,0.740,-0.570,0.231,#t,mean,max,min,std:22.318,22.860,21.780,0.214,

ws#u,mean,max,min,std:-0.560,-0.000,-1.728,0.706,#v,mean,max,min,std:2.129,2.889,1.232,0.677,#RH,mean,max,min,std:48.812,48.942,48.769,0.075,#Rain_mm,value:0.0
